5598
5430
6625
4163
6731
3924
8823
4702
8737
5777
6927
7552
6412
7865
1700
2786
9513
5221
7751
4788
1976
9241
7880
5541
9435
3689
4295
8737
8192
4613
7029
6714
6115
6781
8919
3239
5912
4879
3003
5446
6966
7833
6560
9125
2379
3429
2432
2557
7989
3957
3308
7041
5257
3324
2388
3337
4064
7970
8224
5802
9467
6622
6227
6732
8990
8830
9572
3620
6921
6132
3777
3433
2626
9846
8812
4839
3923
5976
8323
7478
4291
4171
3662
8817
1084
4131
4942
6114
9124
3375
6185
4967
9901
4101
1614
5707
9252
2967
8756
8301
2617
4540
4469
9608
9950
3581
2078
6260
6386
7122
8963
7910
6252
5727
4989
8225
4702
4430
5921
5616
7502
1948
7485
8998
5243
1522
4078
3348
6933
5790
6115
8584
3124
8653
8569
6938
2071
1287
8770
6501
1810
8662
9899
3872
3419
9887
4322
6185
4718
1440
8250
7017
4978
3665
2060
1209
6414
4579
4733
1059
8663
7703
8328
5184
1974
7660
5558
6904
5345
2963
2532
6826
9849
3667
5808
5417
2949
2566
6078
1153
7097
9084
2533
4040
9218
5839
1229
4123
7974
8834
5555
1165
5963
9901
5512
5882
7264
9109
7042
9600