163690
141041
129612
136223
149207
126996
123888
133473
130016
123165
187139
108779
182295
116873
132345
171081
173417
134113
118247
189156
181798
117849
189647
114559
137277
164981
163502
195138
129635
150137
108445
119047
130363
157561
128669
142825
140981
105686
145479
186643
174643
196962
109110
192475
138245
197001
191751
160685
148905
173578
119116
128843
194198
134643
129440
142517
132604
131525
187959
136449
158267
151380
188173
162398
166258
163316
128756
164612
111061
192034
176492
192708
133450
176924
109550
147198
187925
100628
187835
123658
110104
198497
141773
175810
166142
195515
192855
194906
111324
132592
131197
153758
170073
193322
106332
195278
127787
162099
132280
176656