57 84 40 42
31 14 31 15
11 24 31 88
82 92 67 84
93 62 15 30
12 96 37 43
52 52 90 66
49 66 97 18
34 56 35 82
62 58 60 41
47 56 44 59
38 91 85 36
44 49 73 57
25 77 43 79
26 57 15 56
79 89 58 39
24 36 64 73
50 71 28 65
55 74 98 94
20 83 26 88
75 40 99 50
92 32 12 81
29 31 27 61
52 77 41 45
96 43 72 69
46 26 52 10
62 53 25 14
55 36 61 36
11 71 76 46
37 23 29 43
64 81 90 16
86 67 55 94
60 89 12 17
70 90 27 42
61 46 55 70
30 38 48 77
37 44 87 45
39 13 25 32
35 33 25 14
18 10 50 42
40 67 25 78
94 44 30 82
17 22 14 22
64 91 89 22
91 73 10 27
80 81 92 63
36 97 45 76
21 11 83 18
61 69 65 51
85 13 54 82
24 80 75 53
83 87 10 76
97 48 95 68
44 88 28 28
75 98 19 93
79 78 78 22
12 34 74 78
86 69 48 80
35 11 29 32
29 20 87 22
53 64 59 88
13 32 32 34
89 99 94 20
71 98 27 26
41 21 37 92
40 85 59 72
87 65 21 35
70 50 37 59
23 97 58 72
11 47 74 73
19 51 54 39
76 18 16 12
17 45 93 28
95 33 41 95
84 96 81 66
38 33 13 83
38 23 51 49
27 23 72 19
23 33 41 28
38 63 65 79
39 63 40 69
14 71 24 56
95 45 99 84
33 96 31 20
54 63 47 77
67 15 16 19
85 68 90 21
58 43 66 49
68 51 24 34
42 48 35 46
57 16 19 39
75 21 99 13
62 54 20 18
53 68 26 93
74 42 70 34
16 30 86 30
46 17 91 80
15 86 47 98
60 29 17 60