27987995
27434868
27597059
27817303
27490861
27953103
27426919
27409273
27578829
27172075
27690765
27177949
27466924
27679007
27012227
27274269
27493326
27658228
27031951
27076712
27211262
27516181
27441766
27077680
27060116
27786256
27097010
27575538
27685817
27501642
27034993
27477354
27144220
27609270
27368705
27986569
27704119
27021042
27182168
27985386
27542552
27158413
27864261
27563668
27587431
27594075
27127388
27326887
27327653
27758681
27776544
27895420
27484033
27168444
27782778
27353041
27990800
27004730
27574171
27361002
27660391
27754026
27518736
27425573
27915254
27574798
27853276
27090760
27603172
27048596
27100677
27904746
27404462
27937472
27903374
27265660
27937136
27549012
27654090
27134655
27984946
27104314
27586405
27623533
27251591
27533307
27407629
27806593
27297223
27061130
27995883
27911272
27700788
27109279
27526164
27315518
27937412
27584306
27337247
27117773
27602117
27594109
27642103
27372709
27014611
27689413
27831698
27216419
27453763
27603157
27280989
27382648
27786139
27452672
27606210
27466500
27866053
27311999
27351573
27607736
27682602
27004940
27196838
27071471
27248643
27883400
27429070
27656652
27495129
27245698
27269328
27391121
27507672
27516909
27024250
27324581
27672856
27070107
27947758
27765201
27374753
27864067
27692968
27115473
27927564
27795159
27608686
27259714
27514008
27728586
27807539
27198512
27631139
27292536
27677984
27255258
27220452
27069546
27912351
27173609
27615802
27640340
27249534
27709850
27570189
27891242
27982312
27301687
27378478
27571886
27797100
27256782
27737687
27000911
27445533
27378569
27427148
27919825
27392609
27007815
27748111
27474433
27038149
27068215
27686718
27437604
27601796
27667603
27994081
27163815
27729702
27511941
27776978
27588493
27120139
27331411
27356222
27896894
27545469
27947018
27163498
27516372
27474206
27284940
27878786
27855132
27615859
27378382
27731239
27584146
27188497
27643802
27265265
27875608
27228939
27182845
27155091
27808384
27730459
27785743
27407477
27303379
27578926
27682507
27232940
27919405
27315381
27978536
27865244
27455557
27603682
27130773
27377762
27817903
27821123
27248798
27563905
27604595
27537224
27334535
27743095
27432379
27217063
27896511
27346044
27349522
27934596
27538099
27380915
27193799
27158999
27888450
27365445
27347013
27529055
27789368
27534056
27171004
27228750
27302970
27067681
27086563
27221033
27233747
27141080
27939737
27901244
27965926
27699866
27152718
27211137
27465237
27960070
27842720
27953191
27322638
27304382
27285323
27033190
27055412
27736607
27246741
27470344
27028056
27825572
27446957
27457188
27943668
27795140
27340404
27379180
27657039
27469795
27242193
27064143
27863632
27985205
27252404
27072680
27271763
27199120
27645095
27311558
27095504
27699538
27692383
27329678
27499030
27301102
27447133
27990609
27098022
27525847
27947552
27245242
27831416
27499052
27856729
27971531
27355298
27266300
27795742
27242101
27726614
27032257
27275022
27587197
27660298
27726463
27748749
27307124
27869562
27841543
27803934
27780654
27375708
27152039
27006058
27470214
27078635
27863067
27324416
27681065
27695330
27387807
27937424
27740922
27148325
27314421
27530537
27934574
27280937
27768174
27722159
27712470
27569999
27483077
27365780
27511483
27348883
27329450
27461081
27551831
27786855
27658099
27869808
27484206
27674756
27981283
27550680
27798184
27451790
27159572
27721654
27401850
27847461
27207442
27439188
27496015
27378495
27294809
27735886
27173255
27296559
27347163
27181004
27351714
27193981
27205480
27959413
27610518
27380569
27722030
27423993
27018418
27264756
27947452
27161753
27563442
27288931
27473709
27311309
27427287
27571749
27699079
27528818
27387529
27192150
27067842
27862278
27361129
27806859
27949784
27225991
27111777
27193498
27225372
27642723
27695272
27558650
27717918
27045443
27382282
27099638
27705877
27723397
27937324
27349725
27665617
27568397
27551390
27010968
27269930
27460019
27429166
27008101
27894091
27572341
27754429
27906728
27168421
27556747
27289046
27797277
27277718
27699653
27803660
27790664
27157917
27950803
27155282
27528610
27660240
27603052
27077131
27703578
27182609
27536590
27895565
27181639
27509176
27552373
27805700
27795881
27387788
27484035
27870227
27276015
27657095
27728386
27853323
27245955
27948519
27194383
27273472
27759815
27663864
27534934
27356867
27982803
27596154
27731104
27253349
27247384
27856991
27475875
27847191
27227710
27103854
27850925
27172582
27469975
27712980
27259483
27298438
27749025
27254865
27760564
27934038
27522933