3807 2990
3609 2811
3961 3404
3652 3466
3919 3448
3772 2583
3843 2524
3982 3459
3576 3098
3504 2733
3524 3212
3909 2548
3774 2689
3847 2742
3646 2612
3816 2676
3790 3491
3620 2770
7198 3600
3827 2900
3545 2647
3855 3483
3575 2984
10 10
3752 3262
3573 2782
3782 2558
3503 3362
3940 2891
3535 3043
3597 3488
3924 2541
3989 2584
3632 3138
3950 3372
3873 3151
3542 3382
3925 3166
3839 3210
3999 2774
3630 2939
3707 2738
3811 2596
3859 3238
3910 2906
3986 2734
3970 3065
3793 3097
3867 3473
3981 2968
3564 2504
3734 2839
3700 3700
3526 3113
3754 2932
3613 2762
3696 2555
3861 3184
3720 3428
3653 2740
3645 3435
3624 3125
3824 3394
3658 2554
3913 2779
3888 3034
3920 3327
3570 3337
3648 3128
3735 2961
3650 2935
3996 3413
3946 2526
3806 2974
3590 2643
3864 3201
3808 3331
3682 2515
3812 3080
3983 3481
3727 2756
3672 2793
3571 2864
3577 3035
3875 3396
3750 3024
3968 3088
3992 3091
3528 2760
3834 2887
3565 3467
3540 2877
3627 2500
3719 3192
3953 2601
3539 2737
3622 3012
3985 2815
3935 3122
3541 2965
3939 3189
3997 3190
3730 3266
3588 3116
3554 3301
3947 3332
3884 2781
3721 2637
3737 2963
3957 3468
3915 2967
3829 3312
3693 3165
3818 3243
3634 3257
3602 3090
3955 2888
3936 3147
3945 3409
3844 3115
3712 2953
3872 3344
3857 3392
7200 3601
3980 3095
3601 3093
3509 2865
7202 3602
3926 2933
3798 2513
3878 3361
3518 3206
3600 3217
3974 2641
3585 3130
3657 3368
4000 2911
3952 2979
3700 3702
3665 2502
3786 2717
3578 2869
3837 3137
3890 3150
3722 2847
3587 2542
3787 2759
3599 2680
3849 3255
3821 3269
3860 3064
3538 2535
3673 2598
3569 2844
3893 2572
3718 3321
3612 3112
3990 3081
3684 3254
3949 2946
3560 3175
3690 2546
3880 2592
3800 3433
3971 2710
3819 2969
3815 3350
3513 3199
3886 3119
3751 3389
3901 3204
3591 2856
3532 3329
3705 2711
3823 3477
3780 2635
3885 3367
3825 2750
3566 2600
3611 3416
3546 2882
3868 2765
3828 2672
3598 2921
3895 3487
3928 3120
3854 3228
3783 2618
3865 3333
3655 3418
3592 3381
3918 3055
3567 2698
3644 3233
3692 3006
3654 2810
3937 2691
3902 3309
3608 3323
3616 3336
3775 3211
3851 2989
3887 2944
3749 2553
3876 3444
3558 3040
3510 2667
3534 3265
3556 3205
3991 3260
3562 3001
3607 2785
3879 3155
3972 3373
3954 2797
3856 2564
3563 2806
3900 3363
3810 2819
3934 2619
3514 2912
3788 2539
3579 3054
3512 3041
3771 2703
3511 2833
3745 3471
3709 2634
3547 2593
3544 2798
3870 2678
3708 3287
3713 2986
3529 3300
3593 2962
3583 2758
3581 2697
3889 3252
3743 3094
3907 2835
3695 3197
3988 2872
3647 2720
3582 3280
3596 2657
3779 2723
3574 3379
3944 2901
3502 2902
3941 3292
3792 3365
3877 2724
3820 3127
3614 3170
3549 3003
3530 2828
3742 2792
3770 3436
3769 3263
3731 3307
3799 3275
3515 3351
3635 3019
3976 3432
3916 3014
3911 3049
3520 3050
3791 3145
3640 3286
3505 3191
3548 2855
3891 3298
3726 3016
3688 3261
3649 3248
3666 2640
3637 2708
3689 2861
3638 2959
3965 3371
3978 2924
3618 3378
3523 3420
3951 3173
3914 2837
3626 3499
3795 2878
3555 3308
3589 3325
3728 3103
3813 2662
3641 3162
3927 3182
3700 3701
3842 3247
3776 2538
3568 3084
3840 3388
3969 3364
3580 2712
3667 2951
3557 2881
3628 2523
3789 3313
3615 2988
3836 2633
3897 2945
3963 3129
3507 3072
3938 2608
3755 3225
3998 2788
3931 3485
3785 3033
3625 2617
3830 3463
3680 3107
3784 3494
3762 3073
3741 3475
3956 2666
3801 3134
3917 3245
3697 3251
3912 3411
3814 3213
3525 3237
3973 2668
3725 2931
3778 3498
3702 2821
3822 2976
3758 2521
3639 3240
3766 2563
3522 2707
3835 2621
3669 2771
3619 2822
3621 2547
3994 2594
3977 2883
3663 3443
3803 2673
3960 3359
3797 2731
3704 2818
3923 2920
3691 2616
3846 3048
3521 3264
3551 3377
3948 3196
3764 2549
3710 3422
3869 3026
3862 3397
3661 2660
3738 3374
3698 2825
3681 2743
3605 3025
3675 2529
3572 3408
3586 3031
3964 3345
3850 3181
3777 2859
3651 3018
3739 3221
3958 3405
3817 2929
3670 3340
3506 2917
3848 2780
3552 3101
3975 3167
3715 2871
3659 2936
3863 2664
3874 3383
3984 3023
3683 3232
3767 3002
3629 2845
3561 2838
3906 2530
3768 2817
3932 3296
3942 2994
3930 2597
3671 2966
3603 2999
3732 2993
3899 3177
3866 2519
3761 3279
3760 2840
3536 2540
3765 3303
3832 3070
3966 3209
3805 2744
3617 2763
3845 2923
3664 2787
3882 3068
3701 2568
3746 2650
3711 2557
3757 3066
3976 1989
3623 2879
3729 2949
3516 3366
3736 2995
3531 2509
3773 3369
3676 2746
3660 2801
3905 3061
3633 3319
3550 3220
3987 3000
3979 3424
3747 3069
3717 3273
3694 2533
3896 3446
3871 3172
3898 3347
3674 3226
3833 2560
3559 2706
3826 3297
3636 3174
3706 2748
3881 3236
3853 2803
3763 3274
3699 3398
3517 2800
3594 3316
3584 2677
3841 3183
3631 3496
3967 2585
3781 3250
3922 3168
3740 2791
3993 2754
3921 2943
3656 2903
3995 3100
3677 2736
3796 2868
3831 2898
3959 2904
3685 3229
3943 3160
3595 2726
3501 3106
3668 3087
3753 2636
3809 3258
3908 2574
3962 2784
3533 2653
3858 3306
3508 2571
3744 3478
3604 2725
3714 2626
3756 2805
3733 3063
3679 2761
3543 2930
3686 3027
3643 3053
3662 3249
3894 3032
3759 3163
3904 2870
3804 3354
3852 2875
3748 3208
3700 3135
3903 2656
3716 3342
3610 2846
3838 2938
3553 2863
3527 3268
3606 3310
3678 2964
3703 3038
3537 2610
3519 3343
3794 2908
3802 3452
3929 3219
3883 2960