1006 1009 1007 1000
1004 1009 1005 1003
1005 1008 1003 1005
9182 1007 1000 1005
1008 1002 1009 1001
1005 1003 1002 1004
1001 1002 1005 1006
1002 1002 1003 1003
1009 1003 1008 1008
2093 5348 1001 1002
1008 1001 1002 1002
1002 1002 1004 1002
1004 1006 1009 2920
8254 1001 1005 1008
4115 1005 1007 1007
1009 1004 6357 1006
1001 1002 2172 1008
1004 7739 1003 1008
1007 1001 1008 1001
1000 3999 1005 1005
1002 1008 1009 1006
1001 1001 1008 1002
1006 1001 1001 1004
1005 1008 1003 1005
1005 9476 1007 1004
1008 1002 1004 1007
1001 1006 1007 1002
1008 1007 6154 1000
7325 1009 1007 1004
9344 1003 1005 1008
1008 1000 1007 1004
1007 1003 1009 1006
5653 1002 1000 6521
1007 1009 1003 1007
1009 1005 1002 1005
1002 1002 1006 1003
1004 1009 1007 1003
1002 1000 1004 1002
1009 1001 4198 1002
1002 1009 1005 1006
1004 1003 1002 1004
1008 7168 1001 1004
1003 1001 1004 1007
1001 1001 1007 1008
1008 1004 1003 1000
1007 1004 1009 1005
1000 1009 4586 1004
1000 1001 3934 1007
1003 1006 1006 1007
1002 1005 1003 1000